[Paper0]
Name=A4 - E414
DisplayName=A4 - E414
Width=210.05799999999996
Height=296.92599999999999
MarginTop=3.1749999999999998
MarginBottom=15.747999999999999
MarginLeft=3.5277777777777777
MarginRight=3.5277777777777777
Orientation=portrait
